%YAML:1.0
K1: !!opencv-matrix
   rows: 3
   cols: 3
   dt: d
   data: [ 5.2913664258342487e+02, 0., 3.2752210497818965e+02, 0.,
       5.2815622214514883e+02, 2.4870620962243089e+02, 0., 0., 1. ]
K2: !!opencv-matrix
   rows: 3
   cols: 3
   dt: d
   data: [ 5.3146364444552967e+02, 0., 3.2713501570232580e+02, 0.,
       5.3083280446808374e+02, 2.4790302752023058e+02, 0., 0., 1. ]
D1: !!opencv-matrix
   rows: 1
   cols: 5
   dt: d
   data: [ -3.7242771905164052e-01, 2.3435389933819870e-01,
       -1.5916081874526044e-03, -8.0022717843820760e-04,
       -1.1170954075447115e-01 ]
D2: !!opencv-matrix
   rows: 1
   cols: 5
   dt: d
   data: [ -3.6321114979939856e-01, 1.9961606337015900e-01,
       -2.3564900258100643e-03, -6.2454413571239791e-04,
       -7.1530240869721082e-02 ]
R: !!opencv-matrix
   rows: 3
   cols: 3
   dt: d
   data: [ 9.9989852887718211e-01, -2.5525360995843570e-03,
       1.4014867416687614e-02, 2.5685691698610108e-03,
       9.9999606714125522e-01, -1.1261236352535326e-03,
       -1.4011937826962159e-02, 1.1620075225900173e-03,
       9.9990115278303926e-01 ]
T: [ -1.2057609306298679e-01, -5.1773719207584416e-04,
    5.1155733943729527e-03 ]
E: !!opencv-matrix
   rows: 3
   cols: 3
   dt: d
   data: [ -5.8852027608749146e-06, -5.1161548900573103e-03,
       -5.1192524708801291e-04, 3.4255495919801944e-03,
       1.2705264142449441e-04, 1.2063586853463799e-01,
       2.0797662143775961e-04, -1.2057694039711765e-01,
       1.4303960634839003e-04 ]
F: !!opencv-matrix
   rows: 3
   cols: 3
   dt: d
   data: [ -6.8930527672921343e-08, -6.0034278284154355e-05,
       1.1780806576979141e-02, 4.0169482796418513e-05,
       1.4926401386391597e-06, 7.3500420890303686e-01,
       -8.6409789087930414e-03, -7.3268844998275562e-01, 1. ]
R1: !!opencv-matrix
   rows: 3
   cols: 3
   dt: d
   data: [ 9.9959560468747810e-01, 1.6904740049484034e-03,
       -2.8386077346362053e-02, -1.7063651508084511e-03,
       9.9999840071987045e-01, -5.3560776107175250e-04,
       2.8385126518075648e-02, 5.8382817695580710e-04,
       9.9959689062002022e-01 ]
R2: !!opencv-matrix
   rows: 3
   cols: 3
   dt: d
   data: [ 9.9909203249269440e-01, 4.2899640416933582e-03,
       -4.2387578583089537e-02, -4.2662304931432504e-03,
       9.9999068811105540e-01, 6.5036032888238682e-04,
       4.2389973897090177e-02, -4.6893464255404172e-04,
       9.9910103103405168e-01 ]
P1: !!opencv-matrix
   rows: 3
   cols: 4
   dt: d
   data: [ 4.9212228550237427e+02, 0., 3.5508610153198242e+02, 0., 0.,
       4.9212228550237427e+02, 2.4913905715942383e+02, 0., 0., 0., 1.,
       0. ]
P2: !!opencv-matrix
   rows: 3
   cols: 4
   dt: d
   data: [ 4.9212228550237427e+02, 0., 3.5508610153198242e+02,
       -5.9392108599903104e+01, 0., 4.9212228550237427e+02,
       2.4913905715942383e+02, 0., 0., 0., 1., 0. ]
Q: !!opencv-matrix
   rows: 4
   cols: 4
   dt: d
   data: [ 1., 0., 0., -3.5508610153198242e+02, 0., 1., 0.,
       -2.4913905715942383e+02, 0., 0., 0., 4.9212228550237427e+02, 0.,
       0., 8.2859877701526354e+00, 0. ]
roi_left: [ 0, 0, 640, 480 ]
roi_right: [ 0, 0, 640, 480 ]
XR: !!opencv-matrix
   rows: 3
   cols: 3
   dt: d
   data: [ -0.0007962732853436516, -0.2675000227968607, 0.9635575706420958,
            -0.9999984502796089, -0.001321509725770019, -0.00119326128710218,
            0.001592547981999815, -0.9635569909380592, -0.2674985457970802 ]
XT: !!opencv-matrix
   rows: 3
   cols: 1
   dt: d
   data: [ 0.0,
           0.0,
           0.30 ]
